 [96, 128, 96, 64, 82, 52, 128, 21, 97, 0, 16, 87, 96, 0, 128, 253, 91, 80, 97, 1, 242, 128, 97, 0, 32, 96, 0, 57, 96, 0, 243, 254, 96, 128, 96, 64, 82, 52, 128, 21, 97, 0, 16, 87, 96, 0, 128, 253, 91, 80, 96, 4, 54, 16, 97, 0, 54, 87, 96, 0, 53, 96, 224, 28, 128, 99, 96, 87, 54, 29, 20, 97, 0, 59, 87, 128, 99, 143, 136, 112, 139, 20, 97, 0, 107, 87, 91, 96, 0, 128, 253, 91, 97, 0, 85, 96, 4, 128, 54, 3, 129, 1, 144, 97, 0, 80, 145, 144, 97, 1, 2, 86, 91, 97, 0, 155, 86, 91, 96, 64, 81, 97, 0, 98, 145, 144, 97, 1, 62, 86, 91, 96, 64, 81, 128, 145, 3, 144, 243, 91, 97, 0, 133, 96, 4, 128, 54, 3, 129, 1, 144, 97, 0, 128, 145, 144, 97, 1, 2, 86, 91, 97, 0, 177, 86, 91, 96, 64, 81, 97, 0, 146, 145, 144, 97, 1, 62, 86, 91, 96, 64, 81, 128, 145, 3, 144, 243, 91, 96, 0, 96, 3, 130, 97, 0, 170, 145, 144, 97, 1, 136, 86, 91, 144, 80, 145, 144, 80, 86, 91, 96, 0, 96, 4, 130, 97, 0, 192, 145, 144, 97, 1, 136, 86, 91, 144, 80, 145, 144, 80, 86, 91, 96, 0, 128, 253, 91, 96, 0, 
129, 144, 80, 145, 144, 80, 86, 91, 97, 0, 223, 129, 97, 0, 204, 86, 91, 129, 20, 97, 0, 234, 87, 96, 0, 128, 253, 91, 80, 86, 91, 96, 0, 129, 53, 144, 80, 97, 0, 252, 129, 97, 0, 214, 86, 91, 146, 145, 80, 80, 86, 91, 96, 0, 96, 32, 130, 132, 3, 18, 21, 97, 1, 24, 87, 97, 1, 23, 97, 0, 199, 86, 91, 91, 96, 0, 97, 1, 38, 132, 130, 133, 1, 97, 0, 237, 86, 91, 145, 80, 80, 146, 145, 80, 80, 86, 91, 97, 1, 56, 129, 97, 0, 204, 86, 91, 130, 82, 80, 80, 86, 91, 96, 0, 96, 32, 130, 1, 144, 80, 97, 1, 83, 96, 0, 131, 1, 132, 97, 1, 47, 86, 91, 146, 145, 80, 80, 86, 91, 127, 78, 72, 123, 113, 0, 0, 0, 0, 0, 0, 0, 0, 0, 0, 0, 0, 0, 0, 0, 0, 0, 0, 0, 0, 0, 0, 0, 0, 0, 0, 0, 0, 96, 0, 82, 96, 17, 96, 4, 82, 96, 36, 96, 0, 253, 91, 96, 0, 97, 1, 147, 130, 97, 0, 204, 86, 91, 145, 80, 97, 1, 158, 131, 97, 0, 204, 86, 91, 146, 80, 130, 130, 1, 144, 80, 128, 130, 17, 21, 97, 1, 182, 87, 97, 1, 181, 97, 1, 89, 86, 91, 91, 146, 145, 80, 80, 86, 254, 162, 100, 105, 112, 102, 115, 88, 34, 18, 32, 36, 144, 61, 131, 89, 18, 83, 212, 82, 153, 119, 175, 150, 166, 87, 8, 223, 192, 13, 132, 26, 148, 124, 49, 217, 187, 117, 121, 126, 144, 132, 21, 100, 115, 111, 108, 99, 67, 0, 8, 18, 0, 51]


[96, 128, 96, 64, 82, 52, 128, 21, 97, 0, 16, 87, 96, 0, 128, 253, 91, 80, 96, 4, 54, 16, 97, 0, 54, 87, 96, 0, 53, 96, 224, 28, 128, 99, 96, 87, 54, 29, 20, 97, 0, 59, 87, 128, 99, 143, 136, 112, 139, 20, 97, 0, 107, 87, 91, 96, 0, 128, 253, 91, 97, 0, 85, 96, 4, 128, 54, 3, 129, 1, 144, 97, 0, 80, 145, 144, 97, 1, 2, 86, 91, 97, 0, 155, 86, 91, 96, 64, 81, 97, 0, 98, 145, 144, 97, 1, 62, 86, 91, 96, 64, 81, 128, 145, 3, 144, 243, 91, 97, 0, 133, 96, 4, 128, 54, 3, 129, 1, 144, 97, 0, 128, 145, 144, 97, 1, 2, 86, 91, 97, 0, 177, 86, 91, 96, 64, 81, 97, 0, 146, 145, 144, 97, 1, 62, 86, 91, 96, 64, 81, 128, 145, 3, 144, 243, 91, 96, 0, 96, 3, 130, 97, 0, 170, 145, 144, 97, 1, 136, 86, 91, 144, 80, 145, 144, 80, 86, 91, 96, 0, 96, 4, 130, 97, 0, 192, 145, 144, 97, 1, 136, 86, 91, 144, 80, 145, 144, 80, 86, 91, 96, 0, 128, 253, 91, 96, 0, 129, 144, 80, 145, 144, 80, 86, 91, 97, 0, 223, 129, 97, 0, 204, 86, 91, 129, 20, 97, 0, 234, 87, 96, 0, 128, 253, 91, 80, 86, 91, 96, 
0, 129, 53, 144, 80, 97, 0, 252, 129, 97, 0, 214, 86, 91, 146, 145, 80, 80, 86, 91, 96, 0, 96, 32, 130, 132, 3, 18, 21, 97, 1, 24, 87, 97, 1, 23, 97, 0, 199, 86, 91, 91, 96, 0, 97, 1, 38, 132, 130, 133, 1, 97, 0, 237, 86, 91, 145, 80, 80, 146, 145, 80, 80, 86, 91, 97, 1, 56, 129, 97, 0, 204, 86, 91, 130, 82, 80, 80, 86, 91, 96, 0, 96, 32, 130, 1, 144, 80, 97, 1, 83, 96, 0, 131, 1, 132, 97, 1, 47, 86, 91, 146, 145, 
80, 80, 86, 91, 127, 78, 72, 123, 113, 0, 0, 0, 0, 0, 0, 0, 0, 0, 0, 0, 0, 0, 0, 0, 0, 0, 0, 0, 0, 0, 0, 0, 0, 0, 0, 0, 0, 96, 0, 82, 96, 17, 96, 4, 82, 96, 36, 96, 0, 253, 91, 96, 0, 97, 1, 147, 130, 97, 
0, 204, 86, 91, 145, 80, 97, 1, 158, 131, 97, 0, 204, 86, 91, 146, 80, 130, 130, 1, 144, 80, 128, 130, 17, 21, 97, 1, 182, 87, 97, 1, 181, 97, 1, 89, 86, 91, 91, 146, 145, 80, 80, 86, 254, 162, 100, 105, 112, 
102, 115, 88, 34, 18, 32, 36, 144, 61, 131, 89, 18, 83, 212, 82, 153, 119, 175, 150, 166, 87, 8, 223, 192, 13, 132, 26, 148, 124, 49, 217, 187, 117, 121, 126, 144, 132, 21, 100, 115, 111, 108, 99, 67, 0, 8, 18, 0, 51]


[96, 128, 96, 64, 82, 52, 128, 21, 97, 0, 16, 87, 96, 0, 128, 253, 91, 80, 96, 4, 54, 16, 97, 0, 54, 87, 96, 0, 53, 96, 224, 28, 128, 99, 96, 87, 54, 29, 20, 97, 0, 59, 87, 128, 99, 143, 136, 112, 139, 20, 97, 0, 107, 87, 91, 96, 0, 128, 253, 91, 97, 0, 85, 96, 4, 128, 54, 3, 129, 1, 144, 97, 0, 80, 145, 144, 97, 1, 2, 86, 91, 97, 0, 155, 86, 91, 96, 64, 81, 97, 0, 98, 145, 144, 97, 1, 62, 86, 91, 96, 64, 81, 128, 145, 3, 144, 243, 91, 97, 0, 133, 96, 4, 128, 54, 3, 129, 1, 144, 97, 0, 128, 145, 144, 97, 1, 2, 86, 91, 97, 0, 177, 86, 91, 96, 64, 81, 97, 0, 146, 145, 144, 97, 1, 62, 86, 91, 96, 64, 81, 128, 145, 3, 144, 243, 91, 96, 0, 96, 3, 130, 97, 0, 170, 145, 144, 97, 1, 136, 86, 91, 144, 80, 145, 144, 80, 86, 91, 96, 0, 96, 4, 130, 97, 0, 192, 145, 144, 97, 1, 136, 86, 91, 144, 80, 145, 144, 80, 86, 91, 96, 0, 128, 253, 91, 96, 0, 129, 144, 80, 145, 144, 80, 86, 91, 97, 0, 223, 129, 97, 0, 204, 86, 91, 129, 20, 97, 0, 234, 87, 96, 0, 128, 253, 91, 80, 86, 91, 
96, 
0, 129, 53, 144, 80, 97, 0, 252, 129, 97, 0, 214, 86, 91, 146, 145, 80, 80, 86, 91, 96, 0, 96, 32, 130, 132, 3, 18, 21, 97, 1, 24, 87, 97, 1, 23, 97, 0, 199, 86, 91, 91, 96, 0, 97, 1, 38, 132, 130, 133, 1, 97, 0, 237, 86, 91, 145, 80, 80, 146, 145, 80, 80, 86, 91, 97, 1, 56, 129, 97, 0, 204, 86, 91, 130, 82, 80, 80, 86, 91, 96, 0, 96, 32, 130, 1, 144, 80, 97, 1, 83, 96, 0, 131, 1, 132, 97, 1, 47, 86, 91, 146, 145, 
80, 80, 86, 91, 127, 78, 72, 123, 113, 0, 0, 0, 0, 0, 0, 0, 0, 0, 0, 0, 0, 0, 0, 0, 0, 0, 0, 0, 0, 0, 0, 0, 0, 0, 0, 0, 0, 96, 0, 82, 96, 17, 96, 4, 82, 96, 36, 96, 0, 253, 91, 96, 0, 97, 1, 147, 130, 97, 
0, 204, 86, 91, 145, 80, 97, 1, 158, 131, 97, 0, 204, 86, 91, 146, 80, 130, 130, 1, 144, 80, 128, 130, 17, 21, 97, 1, 182, 87, 97, 1, 181, 97, 1, 89, 86, 91, 91, 146, 145, 80, 80, 86, 254, 162, 100, 105, 112, 
102, 115, 88, 34, 18, 32, 36, 144, 61, 131, 89, 18, 83, 212, 82, 153, 119, 175, 150, 166, 87, 8, 223, 192, 13, 132, 26, 148, 124, 49, 217, 187, 117, 121, 126, 144, 132, 21, 100, 115, 111, 108, 99, 67, 0, 8, 18, 0, 51, 0, 0, 0, 0, 0, 0, 0, 0, 0, 0, 0, 0, 0, 0, 0, 0, 0, 0, 0, 0, 0, 0, 0, 0, 0, 0, 0, 0, 0, 0, 0, 0, 0]










